**************************************************
SMORE: Spatial Motif Recognition
**************************************************
version 1.1.0 (Release date: Wed March 6 14:18:26 2024)
**************************************************


**************************************************
REFERENCE
**************************************************
Samadi Z., Askary A.,
Spatial motifs reveal patterns in cellular architecture of complex tissues,
BioRxiv, Mar. 7, 2024.
**************************************************


**************************************************
ALPHABET "ABCDEFGHIJKLMNOPQRSTUVWXYZabc"
**************************************************
Background letter frequencies
A:0.13596,B:0.10246,C:0.08867,D:0.06897,E:0.06305,F:0.06010,G:0.03941,H:0.03842,I:0.03744,J:0.03448,K:0.03547,L:0.03153,M:0.02857,N:0.02660,O:0.02660,P:0.02266,Q:0.02167,R:0.01872,S:0.01773,T:0.01576,U:0.01576,V:0.01379,W:0.01182,X:0.01084,Y:0.00985,Z:0.00788,a:0.00591,b:0.00493,c:0.00493,

MOTIF  1-AAAA SMORE-1
letter-probability matrix: alength= 29 w= 4 nsites= 395725 scrThr=11.47 , logEvalue=-5171.26, E= 1.408e-2246
0.9999983	0.0000002	0.0000002	0.0000001	0.0000001	0.0000001	0.0000001	0.0000001	0.0000001	0.0000001	0.0000001	0.0000001	0.0000001	0.0000001	0.0000001	0.0000000	0.0000000	0.0000000	0.0000000	0.0000000	0.0000000	0.0000000	0.0000000	0.0000000	0.0000000	0.0000000	0.0000000	0.0000000	0.0000000	
0.9999983	0.0000002	0.0000002	0.0000001	0.0000001	0.0000001	0.0000001	0.0000001	0.0000001	0.0000001	0.0000001	0.0000001	0.0000001	0.0000001	0.0000001	0.0000000	0.0000000	0.0000000	0.0000000	0.0000000	0.0000000	0.0000000	0.0000000	0.0000000	0.0000000	0.0000000	0.0000000	0.0000000	0.0000000	
0.9999983	0.0000002	0.0000002	0.0000001	0.0000001	0.0000001	0.0000001	0.0000001	0.0000001	0.0000001	0.0000001	0.0000001	0.0000001	0.0000001	0.0000001	0.0000000	0.0000000	0.0000000	0.0000000	0.0000000	0.0000000	0.0000000	0.0000000	0.0000000	0.0000000	0.0000000	0.0000000	0.0000000	0.0000000	
0.9999983	0.0000002	0.0000002	0.0000001	0.0000001	0.0000001	0.0000001	0.0000001	0.0000001	0.0000001	0.0000001	0.0000001	0.0000001	0.0000001	0.0000001	0.0000000	0.0000000	0.0000000	0.0000000	0.0000000	0.0000000	0.0000000	0.0000000	0.0000000	0.0000000	0.0000000	0.0000000	0.0000000	0.0000000	

SEEDS involved in the motif, with pvalues
seed	1	1	1	1	counts	4297	8114	train\hold pvalues	-5201.92	-5171.26	

MOTIF  2-BBBB SMORE-2
letter-probability matrix: alength= 29 w= 4 nsites= 331010 scrThr=13.10 , logEvalue=-4433.19, E= 4.8878e-1926
0.0000003	0.9999980	0.0000002	0.0000002	0.0000001	0.0000001	0.0000001	0.0000001	0.0000001	0.0000001	0.0000001	0.0000001	0.0000001	0.0000001	0.0000001	0.0000000	0.0000000	0.0000000	0.0000000	0.0000000	0.0000000	0.0000000	0.0000000	0.0000000	0.0000000	0.0000000	0.0000000	0.0000000	0.0000000	
0.0000003	0.9999980	0.0000002	0.0000002	0.0000001	0.0000001	0.0000001	0.0000001	0.0000001	0.0000001	0.0000001	0.0000001	0.0000001	0.0000001	0.0000001	0.0000000	0.0000000	0.0000000	0.0000000	0.0000000	0.0000000	0.0000000	0.0000000	0.0000000	0.0000000	0.0000000	0.0000000	0.0000000	0.0000000	
0.0000003	0.9999980	0.0000002	0.0000002	0.0000001	0.0000001	0.0000001	0.0000001	0.0000001	0.0000001	0.0000001	0.0000001	0.0000001	0.0000001	0.0000001	0.0000000	0.0000000	0.0000000	0.0000000	0.0000000	0.0000000	0.0000000	0.0000000	0.0000000	0.0000000	0.0000000	0.0000000	0.0000000	0.0000000	
0.0000003	0.9999980	0.0000002	0.0000002	0.0000001	0.0000001	0.0000001	0.0000001	0.0000001	0.0000001	0.0000001	0.0000001	0.0000001	0.0000001	0.0000001	0.0000000	0.0000000	0.0000000	0.0000000	0.0000000	0.0000000	0.0000000	0.0000000	0.0000000	0.0000000	0.0000000	0.0000000	0.0000000	0.0000000	

SEEDS involved in the motif, with pvalues
seed	2	2	2	2	counts	3367	5408	train\hold pvalues	-4556.31	-4433.19	

MOTIF  3-CCCC SMORE-3
letter-probability matrix: alength= 29 w= 4 nsites= 177118 scrThr=9.15 , logEvalue=-3066.10, E= 2.5727e-1332
0.0000004	0.0000003	0.9999974	0.0000002	0.0000002	0.0000002	0.0000001	0.0000001	0.0000001	0.0000001	0.0000001	0.0000001	0.0000001	0.0000001	0.0000001	0.0000001	0.0000001	0.0000001	0.0000000	0.0000000	0.0000000	0.0000000	0.0000000	0.0000000	0.0000000	0.0000000	0.0000000	0.0000000	0.0000000	
0.0000004	0.0000003	0.9940075	0.0000002	0.0000002	0.0000002	0.0000001	0.0000001	0.0000001	0.0000001	0.0000001	0.0000001	0.0000001	0.0000001	0.0000001	0.0000001	0.0000001	0.0000001	0.0000000	0.0000000	0.0000000	0.0000000	0.0000000	0.0000000	0.0000000	0.0000000	0.0000000	0.0000000	0.0059900	
0.0000004	0.0000003	0.9777719	0.0000002	0.0000002	0.0000002	0.0000001	0.0000001	0.0000001	0.0000001	0.0000001	0.0000001	0.0000001	0.0000001	0.0000001	0.0000001	0.0000001	0.0000001	0.0000000	0.0000000	0.0000000	0.0000000	0.0000000	0.0000000	0.0000000	0.0000000	0.0000000	0.0000000	0.0222256	
0.0000004	0.0000003	0.7615422	0.0000002	0.0000002	0.0000002	0.0000001	0.0000001	0.0000001	0.0000001	0.0000001	0.0000001	0.0000001	0.0000001	0.0000001	0.0000001	0.0000001	0.0000001	0.0000000	0.0446300	0.0000000	0.0000000	0.0000000	0.0000000	0.0000000	0.0000000	0.0000000	0.0000000	0.1938253	

SEEDS involved in the motif, with pvalues
seed	3	3	3	29	counts	438	594	train\hold pvalues	-660.16	-630.98	
seed	3	3	29	29	counts	87	96	train\hold pvalues	-141.03	-139.83	
seed	3	3	3	3	counts	2365	3715	train\hold pvalues	-3356.78	-3151.51	
seed	3	29	3	29	counts	69	78	train\hold pvalues	-111.56	-110.38	
seed	3	3	29	3	counts	325	459	train\hold pvalues	-487.63	-460.14	
seed	3	3	3	20	counts	517	969	train\hold pvalues	-724.67	-628.42	
seed	3	29	29	29	counts	23	26	train\hold pvalues	-40.28	-38.41	
seed	3	3	29	20	counts	21	52	train\hold pvalues	-28.39	-23.65	
seed	3	29	29	3	counts	52	55	train\hold pvalues	-87.37	-86.12	

MOTIF  4-FFFF SMORE-4
letter-probability matrix: alength= 29 w= 4 nsites= 142678 scrThr=11.38 , logEvalue=-2508.78, E= 2.8156e-1090
0.0000005	0.0000004	0.0000003	0.0000002	0.0000002	0.9299919	0.0327096	0.0190311	0.0000001	0.0000001	0.0000001	0.0000001	0.0000001	0.0000001	0.0000001	0.0000001	0.0000001	0.0000001	0.0000001	0.0000001	0.0000001	0.0000000	0.0130393	0.0000000	0.0000000	0.0000000	0.0000000	0.0052251	0.0000000	
0.0000005	0.0000004	0.0000003	0.0000002	0.0000002	0.9999967	0.0000001	0.0000001	0.0000001	0.0000001	0.0000001	0.0000001	0.0000001	0.0000001	0.0000001	0.0000001	0.0000001	0.0000001	0.0000001	0.0000001	0.0000001	0.0000000	0.0000000	0.0000000	0.0000000	0.0000000	0.0000000	0.0000000	0.0000000	
0.0000005	0.0000004	0.0000003	0.0000002	0.0000002	0.9999967	0.0000001	0.0000001	0.0000001	0.0000001	0.0000001	0.0000001	0.0000001	0.0000001	0.0000001	0.0000001	0.0000001	0.0000001	0.0000001	0.0000001	0.0000001	0.0000000	0.0000000	0.0000000	0.0000000	0.0000000	0.0000000	0.0000000	0.0000000	
0.0000005	0.0000004	0.0000003	0.0000002	0.0000002	0.9999967	0.0000001	0.0000001	0.0000001	0.0000001	0.0000001	0.0000001	0.0000001	0.0000001	0.0000001	0.0000001	0.0000001	0.0000001	0.0000001	0.0000001	0.0000001	0.0000000	0.0000000	0.0000000	0.0000000	0.0000000	0.0000000	0.0000000	0.0000000	

SEEDS involved in the motif, with pvalues
seed	6	6	6	6	counts	1646	1902	train\hold pvalues	-2618.60	-2536.25	
seed	7	6	6	6	counts	357	560	train\hold pvalues	-539.02	-479.36	
seed	28	6	6	6	counts	77	87	train\hold pvalues	-125.87	-122.88	
seed	23	6	6	6	counts	121	189	train\hold pvalues	-177.70	-164.91	
seed	8	6	6	6	counts	274	498	train\hold pvalues	-396.83	-340.58	

MOTIF  5-EEEE SMORE-5
letter-probability matrix: alength= 29 w= 4 nsites= 106029 scrThr=9.45 , logEvalue=-1899.75, E= 8.8971e-826
0.0000005	0.0000003	0.0000003	0.0000002	0.9999969	0.0000002	0.0000001	0.0000001	0.0000001	0.0000001	0.0000001	0.0000001	0.0000001	0.0000001	0.0000001	0.0000001	0.0000001	0.0000001	0.0000001	0.0000001	0.0000001	0.0000000	0.0000000	0.0000000	0.0000000	0.0000000	0.0000000	0.0000000	0.0000000	
0.0000005	0.0000003	0.0000003	0.0000002	0.9945163	0.0000002	0.0000001	0.0000001	0.0000001	0.0000001	0.0000001	0.0000001	0.0000001	0.0000001	0.0000001	0.0000001	0.0000001	0.0054806	0.0000001	0.0000001	0.0000001	0.0000000	0.0000000	0.0000000	0.0000000	0.0000000	0.0000000	0.0000000	0.0000000	
0.0000005	0.0000003	0.0000003	0.0000002	0.9157029	0.0000002	0.0000001	0.0000001	0.0000001	0.0000001	0.0000001	0.0000001	0.0000001	0.0492824	0.0000001	0.0000001	0.0000001	0.0219446	0.0000001	0.0000001	0.0130672	0.0000000	0.0000000	0.0000000	0.0000000	0.0000000	0.0000000	0.0000000	0.0000000	
0.0000005	0.0000003	0.0000003	0.0278413	0.5669368	0.0000002	0.0000001	0.0279229	0.0117518	0.0000001	0.0225903	0.0000001	0.0093404	0.0576804	0.0000001	0.0062392	0.0093010	0.2052335	0.0000001	0.0000001	0.0152808	0.0000000	0.0086041	0.0113868	0.0054797	0.0099456	0.0034159	0.0010476	0.0000000	

SEEDS involved in the motif, with pvalues
seed	5	5	5	18	counts	343	491	train\hold pvalues	-533.00	-482.27	
seed	5	5	5	5	counts	1300	1611	train\hold pvalues	-2042.93	-1943.57	
seed	5	5	5	14	counts	274	612	train\hold pvalues	-378.54	-300.69	
seed	5	5	5	26	counts	65	191	train\hold pvalues	-80.38	-60.76	
seed	5	5	5	24	counts	103	190	train\hold pvalues	-152.16	-128.83	
seed	5	5	14	18	counts	35	128	train\hold pvalues	-44.87	-28.34	
seed	5	5	14	5	counts	212	531	train\hold pvalues	-280.61	-216.12	
seed	5	5	18	18	counts	120	161	train\hold pvalues	-186.77	-176.08	
seed	5	5	5	21	counts	151	296	train\hold pvalues	-215.16	-181.05	
seed	5	5	5	8	counts	310	619	train\hold pvalues	-445.33	-364.36	
seed	5	5	5	23	counts	96	208	train\hold pvalues	-136.93	-109.33	
seed	5	5	18	5	counts	233	393	train\hold pvalues	-344.92	-302.28	
seed	5	5	21	18	counts	29	75	train\hold pvalues	-42.01	-30.99	
seed	5	5	5	25	counts	39	104	train\hold pvalues	-53.14	-40.08	
seed	5	5	5	27	counts	32	104	train\hold pvalues	-36.24	-28.75	
seed	5	5	21	5	counts	114	251	train\hold pvalues	-164.42	-128.01	
seed	5	5	5	11	counts	238	489	train\hold pvalues	-341.34	-275.69	
seed	5	5	5	4	counts	390	838	train\hold pvalues	-540.00	-437.30	
seed	5	5	5	17	counts	160	360	train\hold pvalues	-222.03	-176.04	
seed	5	5	5	16	counts	160	329	train\hold pvalues	-229.14	-186.26	
seed	5	5	5	13	counts	219	379	train\hold pvalues	-321.25	-280.38	
seed	5	5	5	9	counts	208	454	train\hold pvalues	-291.75	-232.43	
seed	5	5	14	14	counts	136	334	train\hold pvalues	-186.07	-141.61	
seed	5	5	5	28	counts	27	40	train\hold pvalues	-42.20	-39.71	
seed	5	18	5	18	counts	64	108	train\hold pvalues	-95.15	-85.07	

**************************************************
Motif Analysis Finished Becasue 5 Motifs Were Found
**************************************************
COMMAND:    smore(input="mouse3_embryo_NMPs.csv",...
 output="output/mouse3_embryo/14-Nov-2024/",...
 nMotifs=5,... 
 WMotif=4,...
 ND=0,...
 gMode="delaunay",...
 nNeighs=6,...
 rEps=0,...
 samplingFreq=0.10,...
 shuffleMode="shuffle",...
 fixedTypes=0,...
 neighDepth=4,...
 nScore=10,...
 nTrain=10,...
 diffMotif=false,...
 isEnrich=true,...
 nEval=25,...
 nRefine=4 ,...
 nRefineIter=20,...
 doGEA=true,...
 gePvalMin=0.001,...
 geRandTest=false)
**************************************************
CPU:		ZAIN-DELL8520
**************************************************
FINALTIME:	1612.40 seconds
**************************************************
